1694077,551563
1694077,11253681
1694077,12637067
1694077,1736547
1694077,3658331,1005148
1694077,3658331
1694077,2304269
1694077,3658331
1694077,6547583
1694077,551563
1694077,7227055
1694077,6201209
1694077,3658331
1694077,10141931
1694077,8093044,1442771
1694077,10068024
1694077,1007137,979858
1694077,6201209
1694077,1954269
1694077,7816704
1694077,418676
1694077,872792
1694077,1622649
1694077,1210281
1694077,3567035
1694077,1749419
1694077,474397,554989
1694077,907708
1694077,985266
1694077,413656
1694077,1599645,760337
480040,1926791,418676,617397
480040,6563565
480040,551563
480040,459178
480040,551563
480040,648065
480040,1283461
480040,603712
480040,7277553
480040,551563
480040,474397
480040,513788
480040,705422
480040,1954471
480040,554989
480040,1005148,810227,456062
480040,1279305
480040,599055
480040,551563
480040,558119
480040,185906
480040,551563
480040,992288,1542575
480040,551563
480040,413656
480040,1005148
480040,513788
480040,999872
480040,370811
480040,567066
480040,562047
480040,430593
551563,10859090
551563,358356
551563,599819
551563,759024
551563,378448
551563,2107167
551563,7644510
551563,513788
551563,2070419
551563,648065
551563,5852521
551563,378448,481515,1672445
551563,592929,367167
551563,1926791,418676,2427933,1606679
551563,378448,1926791,592929,423480
551563,3640421
551563,2418647
551563,5143339,907708
551563,512557
551563,371294
551563,418676,2438599
551563,556707,1916449
551563,1660829,486348
551563,438985
551563,415412,1606097,549488
551563,1627925
551563,1445367
551563,891268
551563,463044
551563,648057,1540523
551563,517031
551563,992288
551563,763843,992288,1627925,554989
551563,759024,396636
551563,403678,575215
551563,992288,1627925
551563,592929
551563,1639709,1589627
551563,859057
551563,474397,453668
551563,641781
3658331,6201209
3658331,377644,410667
378448,490420,393736,546622,545278
378448,10859090,12107550
378448,6201209,11348800
378448,1817629
378448,5907333
378448,540001
378448,1476937
378448,3782745,2393619
378448,369946,2141121,1656037,3732975
378448,481515
378448,1817629,513788,564848,1565659,485515,475851,481515,1279305
378448,744718
378448,682535
378448,1005148
378448,648065
378448,1627925
378448,646252
378448,1005148
378448,1216541
378448,453505
378448,486348,1074094
378448,600544,338143,994842
378448,361674
378448,393736,574926
378448,463044
378448,499140
378448,558150
378448,537456
378448,550136
378448,185906,575916
463044,1708545,596510
463044,2903309
463044,2719817
463044,1041806
12489237,1005148,474397
12489237,11821909
12489237,5535273
6201209,9999937,11150717
6201209,8327472
6201209,8327472
6201209,393736,6160803
6201209,3639597
6201209,3287699
6201209,8121460
6201209,5833895
6201209,1005148,2099189
1410655,7916685
1410655,859057,1675709
1410655,8168463,652647
1410655,418676
1410655,2380007,1591101
1410655,539355
1410655,600544
1410655,567066,418676
1410655,2903309,548072,763843,1283461
1410655,1660831,1283461
1410655,617397,542706,413656
1410655,513788
888553,425732
888553,1445367
888553,376124
5143339,10286143
5143339,763843,480687
5143339,554989,3567035
5143339,10286143
5143339,468256
5143339,10286143
5143339,10286143
5143339,5833895
5143339,10286143,438940
5143339,371294
5143339,10286143
5143339,2296999
5143339,449571
5143339,1542575
5143339,3698473
7227055,10859090,418676,2393065
7227055,390193,390192,997535,446176
7227055,300659
7227055,1363603
7227055,617397
10859090,6807847
10859090,2003123
10859090,859053,3304875
10859090,181893
1817629,10068024,648065,450679
1817629,476616,3567035
1817629,719135,2071483
1817629,576981
3869897,705422
3287699,13780174
3287699,1715891
3287699,564848,870575
3287699,8327472,1933177,486348,599055,599037,536463
3287699,4940239
3287699,8321165
3287699,2380007,5833895
3287699,763843
3287699,1928361
3287699,1005148,810227,2099189
3287699,1926791,369295
567066,859057,912264
567066,859057
859057,1744345
859057,3955683
859057,3639597,550432,992288
859057,3842849
859057,551290,1465783
859057,860778,444497
859057,376124
1005148,1476937
1005148,6926845
1005148,340190
1005148,2287449
1005148,810227
1005148,3031995
1005148,1476937,514185
1005148,410667,1555565
1005148,648057
1005148,1325399
3639597,950719
3639597,4467347
8327472,13326930
8327472,1378435
2380007,5833895
2380007,10286143,1627925,874800,367731
2380007,7916685
2380007,549488
2380007,970936
2380007,1644057
2903309,1363603
3782745,2619491,545278,5975107,1205111
3782745,539355
3782745,9687416
490420,551543,346639,617397,435425,576362,1572633
490420,351061
490420,851099
490420,611464,702720
490420,486348,517031
579823,992288
479128,377644,408916
479128,1926761
479128,377644
479128,892683
479128,1443169,486348,1465781
479128,541167
479128,487387
479128,2393069
479128,369231
539355,468050
539355,1709947
7916685,11347711,6971565
7916685,3644267